Baltimore Ravens, BAL
OL,Bradley Bozeman,24,2018,64,60,82,80,74,72,0.6,4
OL,Hroniss Grasu,27,2015,64,74,83,78,72,69,0.8,1
OL,Matt Skura,25,2017,65,71,85,86,71,71,0.6,1
CB,Anthony Averett,24,2018,70,55,87,72,94,50,0.8,4
CB,Maurice Canady,24,2016,73,68,88,78,89,69,0.6,4
CB,Jaylen Hill,24,2017,66,58,82,76,84,59,0.6,3
CB,Marlon Humphrey,22,2017,80,74,94,83,92,71,3.0,4
CB,Stanley Jean-Baptiste,28,2014,68,51,88,76,86,48,0.6,1
CB,Tavon Young,24,2016,79,74,90,84,90,62,0.7,4
CB,Brandon Carr,32,2008,80,83,94,56,87,83,5.9,4
S,Chuck Clark,23,2017,65,57,89,67,88,57,0.6,4
S,DeShon Elliott,21,2018,67,52,90,57,86,52,0.7,4
S,Tony Jefferson,26,2013,84,89,90,64,85,89,8.5,4
CB,Anthony Levine Sr,31,2012,78,76,84,71,86,76,1.4,3
CB,Jimmy Smith,30,2011,89,88,91,73,89,88,10.3,4
S,Earl Thomas,29,2010,97,90,92,93,93,65,10.0,4
CB,Darious Williams,25,2018,64,45,91,51,91,45,0.6,3
DL,Zach Sieler,23,2018,67,50,81,88,73,50,0.6,4
DL,Brent Urban,27,2014,72,74,80,79,78,74,1.0,1
DL,Chris Wormley,25,2017,70,63,82,83,67,63,0.9,4
DL,Willie Henry,24,2016,79,80,84,86,78,80,0.7,4
DL,Michael Pierce,26,2016,87,85,78,94,87,85,0.5,3
DL,Patrick Ricard,24,2017,78,71,86,90,72,59,0.6,3
DL,Brandon Williams,29,2013,89,97,69,96,92,97,10.5,5
K,Justin Tucker,29,2012,86,73,85,98,98,80,4.2,4
LB,Chris Board,23,2018,63,59,81,86,70,65,0.5,1
LB,Tyus Bowser,23,2017,72,65,89,79,68,58,1.4,4
LB,Bam Bradley,24,2017,65,58,84,78,73,68,0.6,3
LB,Matthew Judon,26,2016,80,75,85,82,67,82,0.6,4
LB,Albert McClellan,32,2011,73,72,86,79,76,68,1.0,1
LB,C.J. Mosley,26,2014,84,84,97,94,72,79,2.2,4
LB,Patrick Onwuasor,26,2016,74,78,88,81,81,62,0.6,1
LB,Za'Darius Smith,26,2015,74,74,84,80,68,62,0.7,4
LB,Terrell Suggs,36,2003,86,85,95,88,86,69,5.2,4
LB,Tim Williams,25,2017,73,66,83,76,68,63,0.8,4
LB,Kenny Young,24,2018,70,58,87,84,74,76,0.8,4
OL,Morgan Cox,32,2010,41,73,75,64,50,56,1.1,5
OL,Marshal Yanda,34,2007,92,96,85,93,94,89,8.0,4
OL,Orlando Brown,22,2018,76,59,84,90,83,80,3.4,4
OL,James Hurst,27,2014,73,80,76,78,71,79,4.4,4
OL,Alex Lewis,26,2016,70,74,86,85,74,73,0.7,4
OL,Steven Moore,25,2018,60,60,60,60,60,60,0.5,1
OL,Greg Senat,24,2018,63,52,86,74,73,73,0.6,4
OL,Ronnie Stanley,24,2016,79,86,88,87,84,79,5.1,4
K,Sam Koch,36,2006,84,72,85,91,95,67,3.3,5
QB,Robert Griffin III,28,2012,71,68,95,92,73,77,1.1,1
QB,Lamar Jackson,21,2018,79,62,91,94,80,85,2.4,4
RB,Javorius Allen,27,2015,74,79,84,81,88,69,0.7,4
RB,Mark Ingram,29,2011,97,88,88,91,88,90,4.0,4
RB,Kenneth Dixon,24,2016,74,75,89,84,87,78,0.7,4
RB,De’Lance Turner,23,2018,60,60,60,60,60,60,0.5,1
WR,Mark Andrews,22,2018,75,54,86,83,86,72,0.9,4
WR,Nick Boyle,25,2015,75,77,86,82,72,36,0.6,4
WR,Hayden Hurst,25,2018,78,58,86,85,83,75,2.8,4
WR,Maxx Williams,24,2015,74,65,84,83,80,64,1.0,4
WR,Quincy Adeboyejo,23,2017,63,50,90,75,92,69,0.5,1
WR,Marquise Brown,22,2019,85,72,86,81,97,84,5.0,4
WR,Jordan Lasley,22,2018,68,54,87,75,89,81,0.7,4
WR,Chris Moore,25,2016,71,74,87,81,90,68,0.7,4
WR,Jaleel Scott,23,2018,69,59,88,80,87,60,0.8,4
WR,Willie Snead,26,2014,76,74,91,83,89,76,3.5,2
WR,Tim White,24,2018,55,49,90,76,89,81,0.5,1
END_PLAYERS
